../data/I07.txt	24589	51.4613	24608	0	0.9	3	0.75	0	0
../data/I07.txt	24587	30.3303	24608.1	0	0.9	3	0.75	0	0
../data/I07.txt	24587	30.307	24608.1	0	0.9	3	0.75	0	0
../data/I07.txt	24587	30.3148	24608.1	0	0.9	3	0.75	0	0
../data/I07.txt	24587	116.336	24608.1	1	0.7	3	0.75	0.5	1
../data/I07.txt	24587	30.6465	24608.1	0	0.9	4	0.75	0	0
../data/I07.txt	24585	104.34	24608	0	0.7	5	0.75	0.25	0
../data/I07.txt	24587	80.7641	24608.1	0	0.9	3	0.75	0.5	1
../data/I07.txt	24584	0.942035	24608.2	0	0.8	5	0.6	0.1	0
../data/I07.txt	24589	87.7489	24608	0	0.7	3	0.75	0.5	0
../data/I07.txt	24586	69.5037	24608	0	0.7	5	0.75	0	0
../data/I07.txt	24585	20.6273	24608	0	0.8	4	0.75	0.1	1
../data/I07.txt	24592	298.617	24608.1	2	0.7	3	0.75	0.25	0
../data/I07.txt	24587	304.583	24608.1	1	0.8	5	0.75	0.5	1
../data/I07.txt	24591	617.492	24608	2	0.9	4	0.75	0.25	1
../data/I07.txt	24589	344.277	24608.1	1	0.8	3	0.75	0.5	1
../data/I07.txt	24585	20.628	24608	0	0.8	4	0.75	0.1	1
../data/I07.txt	24587	537.047	24608.1	1	0.7	5	0.75	0	1
../data/I07.txt	24587	20.2722	24608.1	0	0.7	5	0.75	0.5	1
../data/I07.txt	24585	64.2967	24608	0	0.7	4	0.75	0.25	0
../data/I07.txt	24590	62.5344	24608	0	0.8	3	0.75	0.25	1
../data/I07.txt	24585	21.5338	24608	0	0.8	3	0.75	0.25	0
../data/I07.txt	24587	263.128	24608.1	0	0.9	4	0.75	0	1
../data/I07.txt	24585	40.3114	24608.1	0	0.8	3	0.75	0.5	0
../data/I07.txt	24587	537.03	24608.1	1	0.7	5	0.75	0	1
../data/I07.txt	24585	113.979	24608	0	0.9	4	0.75	0.1	0
../data/I07.txt	24588	604.942	24608.1	0	0.7	3	0.75	0	1
../data/I07.txt	24587	30.2831	24608.1	0	0.7	4	0.75	0	0
../data/I07.txt	24586	69.4775	24608	0	0.7	5	0.75	0	0
../data/I07.txt	24586	317.855	24608.1	0	0.7	3	0.75	0.1	1
../data/I07.txt	24587	116.25	24608.1	1	0.7	3	0.75	0.5	1
../data/I07.txt	24587	30.1264	24608.1	0	0.7	4	0.75	0	0
../data/I07.txt	24585	8.18974	24608	0	0.7	3	0.75	0	0
../data/I07.txt	24586	317.852	24608.1	0	0.7	3	0.75	0.1	1
../data/I07.txt	24587	263.097	24608.1	0	0.9	4	0.75	0	1
../data/I07.txt	24591	617.543	24608	2	0.9	4	0.75	0.25	1
../data/I07.txt	24589	74.2793	24608	0	0.7	3	0.75	0.1	0
../data/I07.txt	24590	62.5392	24608	0	0.8	3	0.75	0.25	1
../data/I07.txt	24585	51.5974	24608	0	0.7	3	0.75	0.5	0
../data/I07.txt	24590	62.4951	24608	0	0.8	3	0.75	0.25	1
../data/I07.txt	24587	567.836	24608	1	0.8	4	0.75	0.25	1
../data/I07.txt	24587	487.205	24608.1	1	0.8	3	0.75	0.1	1
../data/I07.txt	24585	104.262	24608	0	0.7	5	0.75	0.25	0
../data/I07.txt	24592	298.554	24608.1	2	0.7	3	0.75	0.25	0
../data/I07.txt	24592	298.553	24608.1	2	0.7	3	0.75	0.25	0
../data/I07.txt	24591	617.547	24608	2	0.9	4	0.75	0.25	1
../data/I07.txt	24586	40.305	24608	0	0.9	5	0.75	0.5	1
../data/I07.txt	24586	248.544	24608	1	0.7	3	0.75	0.25	1
../data/I07.txt	24585	20.8779	24608	0	0.8	5	0.75	0.25	1
../data/I07.txt	24585	64.3679	24608	0	0.7	4	0.75	0.25	0
../data/I07.txt	24592	298.893	24608.1	2	0.7	3	0.75	0.25	0
../data/I07.txt	24589	344.237	24608.1	1	0.8	3	0.75	0.5	1
../data/I07.txt	24589	167.867	24608	0	0.9	5	0.75	0.25	0
../data/I07.txt	24585	55.2362	24608	0	0.9	5	0.75	0.5	0
../data/I07.txt	24592	298.5	24608.1	2	0.7	3	0.75	0.25	0
../data/I07.txt	24589	87.7656	24608	0	0.7	3	0.75	0.5	0
../data/I07.txt	24592	298.646	24608.1	2	0.7	3	0.75	0.25	0
../data/I07.txt	24592	298.6	24608.1	2	0.7	3	0.75	0.25	0
../data/I07.txt	24589	87.742	24608	0	0.7	3	0.75	0.5	0
../data/I07.txt	24592	296.698	24608.1	2	0.7	3	0.75	0.25	0
../data/I07.txt	24585	21.5468	24608	0	0.8	3	0.75	0.25	0
../data/I07.txt	24585	104.297	24608	0	0.7	5	0.75	0.25	0
../data/I07.txt	24590	62.5281	24608	0	0.8	3	0.75	0.25	1
../data/I07.txt	24589	87.7044	24608	0	0.7	3	0.75	0.5	0
../data/I07.txt	24592	298.543	24608.1	2	0.7	3	0.75	0.25	0
../data/I07.txt	24586	248.486	24608	1	0.7	3	0.75	0.25	1
../data/I07.txt	24592	298.576	24608.1	2	0.7	3	0.75	0.25	0
../data/I07.txt	24590	62.5214	24608	0	0.8	3	0.75	0.25	1
../data/I07.txt	24586	248.289	24608	1	0.7	3	0.75	0.25	1
../data/I07.txt	24592	298.566	24608.1	2	0.7	3	0.75	0.25	0
../data/I07.txt	24590	62.5224	24608	0	0.8	3	0.75	0.25	1
../data/I07.txt	24585	54.8076	24608	0	0.9	3	0.75	0.5	0
../data/I07.txt	24587	30.6747	24608.1	0	0.9	4	0.75	0	0
../data/I07.txt	24588	604.92	24608.1	0	0.7	3	0.75	0	1
../data/I07.txt	24592	296.392	24608.1	2	0.7	3	0.75	0.25	0
../data/I07.txt	24592	298.711	24608.1	2	0.7	3	0.75	0.25	0
../data/I07.txt	24592	298.61	24608.1	2	0.7	3	0.75	0.25	0
../data/I07.txt	24592	298.588	24608.1	2	0.7	3	0.75	0.25	0
../data/I07.txt	24592	298.675	24608.1	2	0.7	3	0.75	0.25	0
../data/I07.txt	24589	87.7798	24608	0	0.7	3	0.75	0.5	0
../data/I07.txt	24586	248.521	24608	1	0.7	3	0.75	0.25	1
../data/I07.txt	24592	298.677	24608.1	2	0.7	3	0.75	0.25	0
../data/I07.txt	24592	296.769	24608.1	2	0.7	3	0.75	0.25	0
../data/I07.txt	24592	298.696	24608.1	2	0.7	3	0.75	0.25	0
../data/I07.txt	24592	298.597	24608.1	2	0.7	3	0.75	0.25	0
../data/I07.txt	24592	298.626	24608.1	2	0.7	3	0.75	0.25	0
../data/I07.txt	24592	298.651	24608.1	2	0.7	3	0.75	0.25	0
../data/I07.txt	24589	87.7507	24608	0	0.7	3	0.75	0.5	0
../data/I07.txt	24592	298.73	24608.1	2	0.7	3	0.75	0.25	0
../data/I07.txt	24592	298.599	24608.1	2	0.7	3	0.75	0.25	0
../data/I07.txt	24585	8.22011	24608	0	0.7	3	0.75	0	0
../data/I07.txt	24592	298.9	24608.1	2	0.7	3	0.75	0.25	0
../data/I07.txt	24585	104.315	24608	0	0.7	5	0.75	0.25	0
../data/I07.txt	24589	74.411	24608	0	0.7	3	0.75	0.1	0
../data/I07.txt	24592	298.646	24608.1	2	0.7	3	0.75	0.25	0
../data/I07.txt	24592	298.514	24608.1	2	0.7	3	0.75	0.25	0
../data/I07.txt	24592	298.631	24608.1	2	0.7	3	0.75	0.25	0
../data/I07.txt	24592	302.184	24608.1	2	0.7	3	0.75	0.25	0
../data/I07.txt	24586	214.634	24608.1	2	0.7	3	0.75	0.25	0
../data/I07.txt	24586	214.561	24608.1	2	0.7	3	0.75	0.25	0
../data/I07.txt	24592	298.662	24608.1	2	0.7	3	0.75	0.25	0
../data/I07.txt	24586	213.926	24608.1	2	0.7	3	0.75	0.25	0
../data/I07.txt	24586	214.089	24608.1	2	0.7	3	0.75	0.25	0
../data/I07.txt	24592	297.786	24608.1	2	0.7	3	0.75	0.25	0
../data/I07.txt	24592	298.78	24608.1	2	0.7	3	0.75	0.25	0
../data/I07.txt	24586	214.175	24608.1	2	0.7	3	0.75	0.25	0
../data/I07.txt	24592	298.749	24608.1	2	0.7	3	0.75	0.25	0
../data/I07.txt	24592	298.683	24608.1	2	0.7	3	0.75	0.25	0
../data/I07.txt	24592	298.875	24608.1	2	0.7	3	0.75	0.25	0
../data/I07.txt	24586	213.99	24608.1	2	0.7	3	0.75	0.25	0
../data/I07.txt	24592	298.612	24608.1	2	0.7	3	0.75	0.25	0
../data/I07.txt	24592	298.789	24608.1	2	0.7	3	0.75	0.25	0
../data/I07.txt	24587	30.6319	24608.1	0	0.9	4	0.75	0	0
../data/I07.txt	24587	30.6427	24608.1	0	0.9	4	0.75	0	0
../data/I07.txt	24586	214.455	24608.1	2	0.7	3	0.75	0.25	0
../data/I07.txt	24592	299.019	24608.1	2	0.7	3	0.75	0.25	0
../data/I07.txt	24592	298.613	24608.1	2	0.7	3	0.75	0.25	0
../data/I07.txt	24592	298.672	24608.1	2	0.7	3	0.75	0.25	0
../data/I07.txt	24586	214.412	24608.1	2	0.7	3	0.75	0.25	0
../data/I07.txt	24587	30.293	24608.1	0	0.9	3	0.75	0	0
../data/I07.txt	24592	298.734	24608.1	2	0.7	3	0.75	0.25	0
../data/I07.txt	24586	214.029	24608.1	2	0.7	3	0.75	0.25	0
../data/I07.txt	24592	298.708	24608.1	2	0.7	3	0.75	0.25	0
../data/I07.txt	24592	298.817	24608.1	2	0.7	3	0.75	0.25	0
../data/I07.txt	24592	298.69	24608.1	2	0.7	3	0.75	0.25	0
../data/I07.txt	24586	214.096	24608.1	2	0.7	3	0.75	0.25	0
../data/I07.txt	24592	298.581	24608.1	2	0.7	3	0.75	0.25	0
../data/I07.txt	24592	299.019	24608.1	2	0.7	3	0.75	0.25	0
../data/I07.txt	24592	298.738	24608.1	2	0.7	3	0.75	0.25	0
../data/I07.txt	24592	298.783	24608.1	2	0.7	3	0.75	0.25	0
../data/I07.txt	24586	214.199	24608.1	2	0.7	3	0.75	0.25	0
../data/I07.txt	24585	41.5693	24608	0	0.9	3	0.75	0.25	0
../data/I07.txt	24587	357.683	24608.1	1	0.9	3	0.75	0.1	1
../data/I07.txt	24585	54.9151	24608	0	0.9	3	0.75	0.5	0
../data/I08.txt	36876	82.982	36904.5	1	0.5	5	0.6	0.1	0
../data/I08.txt	36858	11.1016	36904.6	0	0.9	7	0.7	0	1
../data/I08.txt	36877	82.9214	36904.5	0	0.25	5	0.4	0.5	1
../data/I08.txt	36862	51.2935	36904.5	0	0.5	10	0.4	0	1
../data/I08.txt	36873	30.1783	36904.5	0	0.25	10	0.4	0	0
../data/I08.txt	36869	126.689	36904.5	1	0.25	3	0.4	0.1	0
../data/I08.txt	36873	61.0252	36904.5	1	0.9	3	0.8	0.25	0
../data/I08.txt	36875	266.861	36904.5	2	0.75	10	0.6	0.25	0
../data/I08.txt	36882	121.36	36904.5	1	0.25	10	0.6	0.5	1
../data/I08.txt	36870	25.628	36904.5	0	0.25	3	0.7	0.25	1
../data/I08.txt	36889	23.0413	36904.5	0	0.5	10	0.8	0.1	0
../data/I08.txt	36888	164.765	36904.5	1	0.25	7	0.8	0.25	1
../data/I08.txt	36863	52.7175	36904.5	0	0.25	5	0.6	0.5	1
../data/I08.txt	36872	44.9898	36904.5	0	0.75	10	0.4	0.1	1
../data/I08.txt	36875	82.1037	36904.5	0	0.25	5	0.6	0	0
../data/I08.txt	36883	193.478	36904.5	1	0.5	3	0.6	0.1	1
../data/I08.txt	36876	215.263	36904.5	1	0.5	7	0.8	0.25	1
../data/I08.txt	36865	67.5325	36904.5	0	0.75	7	0.6	0.5	1
../data/I08.txt	36875	121.912	36904.5	1	0.9	7	0.7	0.1	0
../data/I08.txt	36885	249.901	36904.5	2	0.25	3	0.8	0.25	1
../data/I08.txt	36868	56.7746	36904.5	0	0.75	7	0.7	0	1
../data/I08.txt	36866	136.12	36904.4	1	0.9	5	0.4	0.5	1
../data/I08.txt	36865	202.147	36904.5	0	0.25	10	0.4	0.5	1
../data/I08.txt	36870	10.7665	36904.5	0	0.75	5	0.8	0.5	1
../data/I08.txt	36883	132.37	36904.5	1	0.25	3	0.6	0	0
../data/I08.txt	36876	226.221	36904.5	2	0.5	7	0.8	0.1	1
../data/I08.txt	36879	216.865	36904.5	1	0.5	10	0.8	0.1	1
../data/I08.txt	36873	194.666	36904.5	1	0.25	3	0.6	0.1	1
../data/I08.txt	36884	32.2832	36904.5	0	0.25	5	0.8	0.25	1
../data/I08.txt	36868	122.295	36904.5	0	0.25	10	0.4	0	0
../data/I08.txt	36885	198.807	36904.5	1	0.75	10	0.8	0.1	0
../data/I08.txt	36889	23.3399	36904.5	0	0.5	10	0.8	0.1	0
../data/I08.txt	36876	96.7902	36904.5	1	0.25	3	0.8	0.25	1
../data/I08.txt	36885	250.399	36904.5	2	0.25	3	0.8	0.25	1
../data/I08.txt	36870	87.622	36904.5	0	0.75	7	0.6	0.5	1
../data/I08.txt	36881	18.683	36904.5	0	0.75	3	0.6	0.1	1
../data/I08.txt	36864	186.548	36904.5	1	0.25	7	0.7	0.25	1
../data/I08.txt	36889	23.4258	36904.5	0	0.5	10	0.8	0.1	0
../data/I08.txt	36889	31.2535	36904.5	0	0.75	3	0.8	0.25	1
../data/I08.txt	36882	188.46	36904.5	2	0.25	3	0.8	0.25	1
../data/I08.txt	36854	51.2528	36904.5	0	0.75	3	0.6	0	1
../data/I08.txt	36879	135.123	36904.5	1	0.5	3	0.6	0	1
../data/I08.txt	36880	55.9809	36904.5	0	0.25	3	0.8	0.25	0
../data/I08.txt	36867	28.7319	36904.4	0	0.9	7	0.4	0.5	1
../data/I08.txt	36872	288.729	36904.5	2	0.5	5	0.4	0	0
../data/I08.txt	36886	108.395	36904.5	1	0.75	3	0.8	0.1	1
../data/I08.txt	36878	65.0305	36904.5	1	0.9	3	0.8	0.25	1
../data/I08.txt	36883	52.9486	36904.5	0	0.25	7	0.8	0.25	1
../data/I08.txt	36874	184.548	36904.5	1	0.25	7	0.8	0	1
../data/I08.txt	36889	24.1815	36904.5	0	0.5	10	0.8	0.1	0
../data/I08.txt	36889	191.219	36904.5	1	0.5	7	0.8	0.1	0
../data/I08.txt	36883	34.7915	36904.5	0	0.5	3	0.6	0	0
../data/I08.txt	36883	105.371	36904.5	1	0.25	10	0.8	0.25	0
../data/I08.txt	36875	136.867	36904.5	2	0.5	3	0.8	0.1	0
../data/I08.txt	36872	22.854	36904.5	0	0.75	7	0.4	0.5	1
../data/I08.txt	36883	11.5112	36904.5	0	0.5	5	0.8	0.1	0
../data/I08.txt	36889	23.2838	36904.5	0	0.5	10	0.8	0.1	0
../data/I08.txt	36883	104.687	36904.5	1	0.25	10	0.8	0.25	0
../data/I08.txt	36885	249.883	36904.5	2	0.25	3	0.8	0.25	1
../data/I08.txt	36876	85.1396	36904.5	1	0.25	10	0.8	0.1	0
../data/I08.txt	36873	52.7077	36904.5	0	0.5	7	0.8	0.1	1
../data/I08.txt	36883	391.951	36904.5	2	0.25	10	0.8	0.1	0
../data/I08.txt	36888	21.2036	36904.5	0	0.75	7	0.8	0.25	1
../data/I08.txt	36873	272.15	36904.5	2	0.25	5	0.4	0	0
../data/I08.txt	36876	57.5501	36904.5	1	0.5	3	0.8	0	1
../data/I08.txt	36889	23.4677	36904.5	0	0.5	10	0.8	0.1	0
../data/I08.txt	36873	125.117	36904.6	2	0.5	3	0.8	0.1	0
../data/I08.txt	36889	23.8372	36904.5	0	0.5	10	0.8	0.1	0
../data/I08.txt	36889	191.816	36904.5	1	0.5	7	0.8	0.1	0
../data/I08.txt	36885	184.381	36904.5	1	0.75	3	0.8	0	1
../data/I08.txt	36884	122.513	36904.5	1	0.25	10	0.8	0.1	0
../data/I08.txt	36889	23.5724	36904.5	0	0.5	10	0.8	0.1	0
../data/I08.txt	36876	164.191	36904.5	2	0.75	3	0.8	0.25	1
../data/I08.txt	36890	143.524	36904.5	1	0.9	10	0.8	0.1	0
../data/I08.txt	36879	216.735	36904.5	1	0.5	10	0.8	0.1	1
../data/I08.txt	36880	299.925	36904.5	2	0.25	10	0.8	0.1	1
../data/I08.txt	36889	31.5474	36904.5	0	0.75	3	0.8	0.25	1
../data/I08.txt	36876	256.248	36904.5	2	0.75	3	0.8	0.25	1
../data/I08.txt	36877	134.235	36904.5	1	0.25	5	0.4	0.1	0
../data/I08.txt	36889	31.129	36904.5	0	0.75	3	0.8	0.25	1
../data/I08.txt	36889	23.505	36904.5	0	0.5	10	0.8	0.1	0
../data/I08.txt	36889	23.5373	36904.5	0	0.5	10	0.8	0.1	0
../data/I08.txt	36876	256.001	36904.5	2	0.75	3	0.8	0.25	1
../data/I08.txt	36874	243.982	36904.5	2	0.5	3	0.7	0.1	0
../data/I08.txt	36874	31.9519	36904.5	0	0.5	5	0.4	0.1	1
../data/I08.txt	36889	23.6152	36904.5	0	0.5	10	0.8	0.1	0
../data/I08.txt	36889	23.6232	36904.5	0	0.5	10	0.8	0.1	0
../data/I08.txt	36889	23.0769	36904.5	0	0.5	10	0.8	0.1	0
../data/I08.txt	36889	23.3832	36904.5	0	0.5	10	0.8	0.1	0
../data/I08.txt	36875	137.335	36904.5	2	0.5	3	0.8	0.1	0
../data/I08.txt	36883	267.04	36904.5	2	0.5	10	0.8	0.25	0
../data/I08.txt	36889	31.0367	36904.5	0	0.75	3	0.8	0.25	1
../data/I08.txt	36889	23.3111	36904.5	0	0.5	10	0.8	0.1	0
../data/I08.txt	36884	143.547	36904.5	1	0.75	3	0.8	0.25	1
../data/I08.txt	36885	156.978	36904.4	1	0.5	10	0.7	0.1	0
../data/I08.txt	36889	23.3499	36904.5	0	0.5	10	0.8	0.1	0
../data/I08.txt	36889	23.5353	36904.5	0	0.5	10	0.8	0.1	0
../data/I08.txt	36889	30.9543	36904.5	0	0.75	3	0.8	0.25	1
../data/I08.txt	36871	116.823	36904.5	1	0.75	3	0.4	0.25	1
../data/I08.txt	36876	123.981	36904.6	2	0.5	3	0.8	0.1	0
../data/I08.txt	36889	23.3612	36904.5	0	0.5	10	0.8	0.1	0
../data/I08.txt	36882	64.5466	36904.5	0	0.25	10	0.8	0.1	0
../data/I08.txt	36889	23.3363	36904.5	0	0.5	10	0.8	0.1	0
../data/I08.txt	36879	123.7	36904.5	1	0.5	5	0.6	0	1
../data/I08.txt	36873	37.5458	36904.5	0	0.9	7	0.6	0.25	1
../data/I08.txt	36878	35.2424	36904.4	0	0.5	10	0.7	0.1	0
../data/I08.txt	36883	195.755	36904.5	1	0.75	10	0.8	0.25	1
../data/I08.txt	36889	55.7925	36904.5	0	0.5	10	0.8	0.25	0
../data/I08.txt	36889	23.5967	36904.5	0	0.5	10	0.8	0.1	0
../data/I08.txt	36884	123.036	36904.5	1	0.9	10	0.8	0.1	0
../data/I08.txt	36889	23.4358	36904.5	0	0.5	10	0.8	0.1	0
../data/I08.txt	36889	23.3861	36904.5	0	0.5	10	0.8	0.1	0
../data/I08.txt	36889	23.2285	36904.5	0	0.5	10	0.8	0.1	0
../data/I08.txt	36889	23.3395	36904.5	0	0.5	10	0.8	0.1	0
../data/I08.txt	36860	54.1122	36904.5	1	0.5	3	0.6	0.25	1
../data/I08.txt	36882	332.1	36904.5	2	0.75	10	0.8	0.25	0
../data/I08.txt	36883	92.4996	36904.5	1	0.9	10	0.8	0.1	0
../data/I08.txt	36889	23.6475	36904.5	0	0.5	10	0.8	0.1	0
../data/I08.txt	36889	23.2035	36904.5	0	0.5	10	0.8	0.1	0
../data/I08.txt	36889	23.237	36904.5	0	0.5	10	0.8	0.1	0
../data/I08.txt	36889	31.061	36904.5	0	0.75	3	0.8	0.25	1
../data/I08.txt	36889	31.0813	36904.5	0	0.75	3	0.8	0.25	1
../data/I08.txt	36889	23.1888	36904.5	0	0.5	10	0.8	0.1	0
../data/I08.txt	36866	108.533	36904.4	1	0.9	3	0.4	0.5	0
../data/I08.txt	36867	166.482	36904.5	1	0.75	7	0.4	0	0
../data/I08.txt	22640	0	36913.3	0	0.75	12	0.85	0	1
../data/I08.txt	22640	0	36913.3	0	0.85	10	0.85	0.5	0
../data/I08.txt	36883	339.044	36904.5	2	0.75	14	0.8	0	1
../data/I08.txt	36883	187.507	36904.5	2	0.75	8	0.8	0	0
../data/I08.txt	36883	144.424	36904.5	1	0.85	8	0.7	0.5	0
../data/I08.txt	36872	183.79	36904.5	2	0.9	10	0.8	0.1	1
../data/I08.txt	36876	138.504	36904.5	2	0.95	8	0.8	0	0
../data/I08.txt	36885	121.155	36904.5	1	0.75	14	0.7	0.1	0
../data/I08.txt	22640	0	36913.3	0	0.75	10	0.9	0	1
../data/I08.txt	36884	12.5486	36904.5	0	0.85	10	0.8	0	1
../data/I08.txt	22640	0	36913.3	0	0.9	14	0.9	0.5	1
../data/I08.txt	36883	125.952	36904.5	1	0.85	10	0.8	0	0
../data/I08.txt	36874	167.052	36904.5	2	0.95	12	0.7	0.25	1

../data/I08.txt	22640	0	36913.3	0	0.95	8	0.85	0.25	1
../data/I08.txt	36879	264.892	36904.5	2	0.95	12	0.8	0	1
../data/I08.txt	36880	191.528	36904.5	2	0.95	12	0.8	0.1	1
../data/I08.txt	36886	313.467	36904.5	2	0.75	12	0.7	0.1	0
../data/I08.txt	22640	0	36913.3	0	0.9	10	0.85	0.25	0
../data/I08.txt	36883	317.459	36904.5	2	0.85	12	0.8	0.1	0
../data/I08.txt	36875	133.033	36904.5	2	0.9	10	0.8	0.1	1
../data/I08.txt	36877	151.418	36904.5	2	0.95	8	0.7	0.25	0
../data/I08.txt	36879	155.254	36904.5	1	0.9	10	0.7	0.1	0
../data/I08.txt	36882	82.2744	36904.5	1	0.95	12	0.8	0.1	0
../data/I08.txt	22640	0	36913.3	0	0.95	14	0.85	0.25	0
../data/I08.txt	36886	305.104	36904.5	2	0.85	8	0.8	0	0
../data/I08.txt	36880	191.755	36904.5	2	0.95	14	0.8	0.1	1
../data/I08.txt	22640	0	36913.3	0	0.85	10	0.85	0	0
../data/I08.txt	36877	144.46	36904.5	1	0.85	8	0.7	0	1
../data/I08.txt	22640	0	36913.3	0	0.75	8	0.9	0.5	1
../data/I08.txt	22640	0	36913.3	0	0.75	14	0.9	0.25	0
../data/I08.txt	36884	149.26	36904.5	1	0.85	8	0.7	0.5	0
../data/I08.txt	36872	155.142	36904.5	2	0.95	8	0.7	0.1	0
../data/I08.txt	22640	0	36913.3	0	0.95	10	0.9	0.5	1
../data/I08.txt	22640	0	36913.3	0	0.9	10	0.9	0	0
../data/I08.txt	36883	162.874	36904.5	2	0.95	8	0.8	0.25	0
../data/I08.txt	36877	144.454	36904.5	1	0.85	8	0.7	0	1
../data/I08.txt	36882	82.0244	36904.5	1	0.95	12	0.8	0.25	1
../data/I08.txt	36880	81.4496	36904.5	1	0.95	12	0.7	0.5	0
../data/I08.txt	22640	0	36913.3	0	0.85	14	0.85	0	0
../data/I08.txt	22640	0	36913.3	0	0.75	14	0.85	0.25	1
../data/I08.txt	22640	0	36913.3	0	0.9	14	0.85	0.5	0
../data/I08.txt	22640	0	36913.3	0	0.95	8	0.9	0.5	1
../data/I08.txt	22640	0	36913.3	0	0.75	14	0.9	0.25	0
../data/I08.txt	36874	293.246	36904.5	2	0.95	14	0.7	0	1
../data/I08.txt	22640	0	36913.3	0	0.75	12	0.9	0	0
../data/I08.txt	36877	198.462	36904.5	2	0.95	10	0.8	0.1	0
../data/I08.txt	22640	0	36913.3	0	0.75	10	0.9	0.1	1
../data/I08.txt	36877	162.342	36904.5	2	0.95	14	0.7	0	1
../data/I08.txt	22640	0	36913.3	0	0.9	14	0.85	0.1	0
../data/I08.txt	22640	0	36913.3	0	0.85	12	0.85	0.5	0
../data/I08.txt	36880	226.943	36904.5	2	0.75	14	0.8	0	1
../data/I08.txt	36886	305.23	36904.5	2	0.85	8	0.8	0	0
../data/I08.txt	36883	102.853	36904.5	1	0.85	10	0.8	0	0
../data/I08.txt	36885	121.173	36904.5	1	0.75	14	0.7	0.1	0
../data/I08.txt	36885	121.166	36904.5	1	0.75	14	0.7	0.1	0
../data/I08.txt	36883	102.86	36904.5	1	0.85	10	0.8	0	0
../data/I08.txt	36878	50.5473	36904.5	0	0.75	12	0.7	0.1	1
../data/I08.txt	36885	132.307	36904.5	1	0.9	12	0.8	0.25	0
../data/I08.txt	36880	216.257	36904.5	2	0.85	8	0.7	0.5	0
../data/I08.txt	36884	12.2092	36904.5	0	0.85	10	0.8	0	1
../data/I08.txt	36886	90.8364	36904.5	0	0.75	12	0.7	0.1	1
../data/I08.txt	22640	0	36913.3	0	0.85	8	0.85	0	0
../data/I08.txt	36878	50.5278	36904.5	0	0.75	14	0.7	0.1	1
../data/I08.txt	36879	156.398	36904.5	1	0.75	8	0.8	0.1	0
../data/I08.txt	36889	116.134	36904.5	1	0.75	8	0.8	0	0
../data/I08.txt	36888	83.8669	36904.5	1	0.85	8	0.7	0.5	1
../data/I08.txt	22640	0	36913.3	0	0.85	8	0.9	0.5	1
../data/I08.txt	36880	235.024	36904.5	2	0.75	10	0.8	0	1
../data/I08.txt	36873	195.267	36904.5	2	0.75	8	0.7	0.25	0
../data/I08.txt	36882	73.017	36904.5	1	0.75	8	0.8	0	1
../data/I08.txt	36886	153.142	36904.5	1	0.75	14	0.8	0.1	0
../data/I08.txt	36876	320.391	36904.5	2	0.85	8	0.7	0.25	0
../data/I08.txt	36885	121.156	36904.5	1	0.75	12	0.7	0.1	0
../data/I08.txt	36884	53.8834	36904.5	0	0.85	10	0.8	0.5	0
../data/I08.txt	36884	251.294	36904.5	2	0.95	8	0.8	0	0
../data/I08.txt	36882	156.304	36904.5	2	0.75	8	0.8	0	0
../data/I08.txt	36873	64.9088	36904.5	1	0.95	12	0.7	0.1	0
../data/I08.txt	36889	258.812	36904.5	2	0.85	12	0.8	0.1	0
../data/I08.txt	36885	120.203	36904.5	1	0.75	10	0.7	0.1	0
../data/I08.txt	36883	347.045	36904.5	2	0.75	10	0.8	0	1
../data/I08.txt	36889	111.186	36904.5	1	0.9	8	0.8	0	0
../data/I08.txt	36878	131.717	36904.5	1	0.95	8	0.7	0.5	1
../data/I08.txt	36889	362.415	36904.5	2	0.75	8	0.8	0	0
../data/I08.txt	36876	82.1663	36904.5	1	0.95	12	0.8	0.1	0
../data/I08.txt	36890	153.472	36904.5	2	0.95	12	0.8	0	0
../data/I08.txt	36874	83.1109	36904.5	1	0.95	12	0.7	0.25	0
../data/I08.txt	22640	0	36913.3	0	0.75	12	0.85	0	0
../data/I08.txt	22640	0	36913.3	0	0.95	8	0.9	0	0
../data/I08.txt	22640	0	36913.3	0	0.75	10	0.9	0	0
../data/I08.txt	36879	234.552	36904.5	2	0.85	14	0.7	0.25	1
../data/I08.txt	36883	90.7826	36904.5	1	0.9	8	0.8	0	0
../data/I08.txt	36871	55.1106	36904.5	0	0.75	8	0.7	0.1	1
../data/I08.txt	22640	0	36913.3	0	0.75	12	0.85	0	0
../data/I08.txt	36886	275.618	36904.5	2	0.75	8	0.7	0.1	0
../data/I08.txt	36878	50.535	36904.5	0	0.75	12	0.7	0.1	1
../data/I08.txt	36888	83.7744	36904.5	1	0.85	12	0.7	0.5	1
../data/I08.txt	36878	50.5267	36904.5	0	0.75	12	0.7	0.1	1
../data/I08.txt	36878	101.066	36904.5	2	0.85	8	0.8	0	0
../data/I08.txt	36883	162.333	36904.5	1	0.85	8	0.8	0	0
../data/I08.txt	36883	164.29	36904.5	1	0.85	12	0.8	0.1	0
../data/I08.txt	36878	50.5344	36904.5	0	0.75	14	0.7	0.1	1
../data/I08.txt	36873	153.956	36904.5	2	0.95	8	0.7	0	0
../data/I08.txt	36873	65.2509	36904.5	0	0.75	8	0.7	0.1	0
../data/I08.txt	36883	199.796	36904.5	1	0.85	12	0.8	0	1
../data/I08.txt	36884	112.064	36904.5	2	0.95	8	0.8	0	0
../data/I08.txt	36889	210.562	36904.5	2	0.9	8	0.8	0.1	0
../data/I08.txt	36889	187.723	36904.5	2	0.75	8	0.8	0.1	0
../data/I08.txt	36877	256.088	36904.5	2	0.85	8	0.8	0	1
../data/I08.txt	36885	121.158	36904.5	1	0.75	12	0.7	0.1	0
../data/I08.txt	36883	56.684	36904.5	1	0.9	8	0.8	0	0
../data/I08.txt	36885	20.7621	36904.5	0	0.75	10	0.8	0	0
../data/I08.txt	36880	206.015	36904.5	2	0.85	8	0.7	0.5	0
../data/I08.txt	36881	40.4475	36904.5	0	0.75	12	0.7	0.1	1
../data/I08.txt	36889	205.916	36904.5	2	0.85	8	0.8	0	0
../data/I08.txt	36879	190.135	36904.5	2	0.95	12	0.7	0.1	0
../data/I08.txt	36889	237.154	36904.5	2	0.85	10	0.8	0	0
../data/I08.txt	36889	205.777	36904.5	2	0.85	8	0.8	0	0
../data/I08.txt	36878	50.5274	36904.5	0	0.75	12	0.7	0.1	1
../data/I08.txt	36888	83.8525	36904.5	1	0.85	14	0.7	0.5	1
../data/I08.txt	36873	279.579	36904.5	2	0.85	8	0.7	0	0
../data/I08.txt	36889	111.64	36904.5	1	0.85	12	0.8	0	0
../data/I08.txt	36881	93.8597	36904.5	1	0.85	10	0.7	0.5	0
../data/I08.txt	36895	306.505	36904.5	2	0.75	12	0.8	0.1	0
../data/I08.txt	36885	121.17	36904.5	1	0.75	12	0.7	0.1	0
../data/I08.txt	36872	24.9668	36904.5	0	0.85	8	0.7	0.25	0
../data/I08.txt	22640	0	36913.3	0	0.9	14	0.85	0.25	0
../data/I08.txt	36886	40.892	36904.5	0	0.9	12	0.7	0.25	1
../data/I08.txt	36880	191.527	36904.5	2	0.95	10	0.8	0.1	1
../data/I08.txt	36874	166.496	36904.5	2	0.95	10	0.7	0.25	1
../data/I08.txt	22640	0	36913.3	0	0.9	8	0.85	0.25	1
../data/I08.txt	36882	248.428	36904.5	2	0.75	8	0.7	0	0
../data/I08.txt	36878	146.136	36904.5	1	0.75	8	0.8	0.1	0
../data/I08.txt	36889	187.648	36904.5	2	0.75	8	0.8	0.1	0
../data/I08.txt	36885	204.958	36904.5	2	0.95	12	0.8	0	0
../data/I08.txt	36883	102.827	36904.5	1	0.85	12	0.8	0	0
../data/I08.txt	36885	284.862	36904.5	2	0.85	8	0.8	0	0
../data/I08.txt	36883	94.846	36904.5	1	0.85	8	0.8	0.1	0
../data/I08.txt	36889	187.675	36904.5	2	0.75	8	0.8	0.1	0
../data/I08.txt	36883	346.975	36904.5	2	0.75	12	0.8	0.1	0
../data/I08.txt	36889	187.666	36904.5	2	0.75	8	0.8	0.1	0
../data/I08.txt	36884	94.2081	36904.5	1	0.9	14	0.8	0	0
../data/I08.txt	36890	216.194	36904.5	2	0.9	8	0.8	0.1	0
../data/I08.txt	36892	215.587	36904.5	1	0.75	12	0.8	0	0
../data/I08.txt	36889	116.202	36904.5	1	0.75	8	0.8	0	0
../data/I08.txt	36886	295.042	36904.5	2	0.85	8	0.8	0	0
../data/I08.txt	36877	55.1789	36904.5	0	0.75	8	0.7	0	1
../data/I08.txt	36881	315.553	36904.5	2	0.85	12	0.7	0.1	0
../data/I08.txt	36885	20.7585	36904.5	0	0.75	10	0.8	0	0
../data/I08.txt	36881	191.436	36904.5	1	0.75	8	0.7	0	0
../data/I08.txt	36871	30.8423	36904.5	0	0.9	8	0.7	0.1	1
../data/I08.txt	36882	82.2454	36904.5	1	0.95	12	0.8	0.1	0
../data/I08.txt	36889	202.995	36904.5	2	0.85	8	0.8	0	0
../data/I08.txt	36878	97.5368	36904.5	1	0.75	8	0.8	0.25	0
../data/I08.txt	36886	136.194	36904.5	1	0.75	8	0.8	0.1	0
../data/I08.txt	36889	111.661	36904.5	1	0.85	12	0.8	0	0
../data/I08.txt	36890	192.573	36904.5	1	0.75	12	0.8	0.5	0
../data/I08.txt	36880	35.6286	36904.5	0	0.9	8	0.7	0.1	0
../data/I08.txt	36889	116.216	36904.5	1	0.75	8	0.8	0	0
../data/I08.txt	36889	33.0529	36904.5	0	0.75	8	0.8	0	0
../data/I08.txt	36889	194.685	36904.5	1	0.85	14	0.8	0.1	0
../data/I08.txt	36889	116.133	36904.5	1	0.75	8	0.8	0	0
../data/I08.txt	36889	187.672	36904.5	2	0.75	8	0.8	0.1	0
../data/I08.txt	22640	0	36913.3	0	0.9	8	0.85	0	0
../data/I08.txt	22640	0	36913.3	0	0.75	8	0.85	0	0
../data/I08.txt	36881	144.531	36904.5	1	0.85	12	0.7	0	0
../data/I08.txt	22640	0	36913.3	0	0.85	10	0.9	0.1	0
../data/I08.txt	22640	0	36913.3	0	0.9	10	0.85	0	1
../data/I08.txt	36885	219.185	36904.5	2	0.9	12	0.7	0.25	0
../data/I08.txt	22640	0	36913.3	0	0.9	12	0.85	0	0
../data/I08.txt	36880	191.583	36904.5	2	0.95	12	0.8	0.1	1
../data/I08.txt	36885	193.196	36904.5	2	0.9	12	0.8	0.1	0
../data/I08.txt	36889	33.0433	36904.5	0	0.75	8	0.8	0	0
../data/I08.txt	36889	116.189	36904.5	1	0.75	8	0.8	0	0
../data/I08.txt	36883	23.2648	36904.5	0	0.85	12	0.8	0.5	0
../data/I08.txt	36882	166.855	36904.5	2	0.75	8	0.8	0	0
../data/I08.txt	36889	116.191	36904.5	1	0.75	8	0.8	0	0
../data/I08.txt	36889	116.192	36904.5	1	0.75	8	0.8	0	0
../data/I08.txt	36887	244.698	36904.5	2	0.9	10	0.8	0	1
../data/I08.txt	36890	357.39	36904.5	2	0.75	12	0.8	0.1	0
../data/I08.txt	36889	190.617	36904.5	1	0.85	12	0.8	0.1	0
../data/I08.txt	36883	50.1405	36904.5	1	0.9	12	0.8	0.1	0
../data/I08.txt	36889	187.717	36904.5	2	0.75	8	0.8	0.1	0
../data/I08.txt	36876	137.836	36904.5	2	0.95	8	0.8	0	0
../data/I08.txt	36884	251.328	36904.5	2	0.95	8	0.8	0	0
../data/I08.txt	22640	0	36913.3	0	0.9	8	0.9	0.1	0
../data/I08.txt	36889	190.631	36904.5	1	0.85	12	0.8	0.1	0
../data/I08.txt	36889	116.167	36904.5	1	0.75	8	0.8	0	0
../data/I08.txt	36889	187.652	36904.5	2	0.75	8	0.8	0.1	0
../data/I08.txt	36882	207.327	36904.5	2	0.75	8	0.8	0	0
../data/I08.txt	36879	260.728	36904.5	2	0.85	8	0.8	0	0
../data/I08.txt	36887	92.3967	36904.5	1	0.95	12	0.8	0.1	0
../data/I08.txt	36889	217.473	36904.5	1	0.75	12	0.8	0	0
../data/I08.txt	36883	72.307	36904.5	1	0.75	12	0.8	0	0
../data/I08.txt	36883	51.8037	36904.5	0	0.75	12	0.8	0	0
../data/I08.txt	36890	236.683	36904.5	2	0.9	8	0.8	0.1	0
../data/I08.txt	36890	223.912	36904.5	2	0.9	8	0.8	0.1	0
../data/I08.txt	36883	72.2308	36904.5	1	0.75	12	0.8	0	0
../data/I08.txt	36889	202.924	36904.5	2	0.85	8	0.8	0	0
../data/I08.txt	36887	89.053	36904.5	1	0.9	8	0.8	0	1
../data/I08.txt	36880	405.471	36904.5	2	0.85	12	0.7	0	0
../data/I08.txt	36889	79.2876	36904.5	1	0.75	8	0.8	0	0
../data/I08.txt	36889	204.199	36904.5	2	0.85	8	0.8	0	0
../data/I08.txt	36882	144.09	36904.5	1	0.75	12	0.8	0.1	0
../data/I08.txt	36884	102.099	36904.5	1	0.75	8	0.7	0	0
../data/I08.txt	36890	315.266	36904.5	2	0.75	8	0.8	0	0
../data/I08.txt	36884	95.1706	36904.5	1	0.75	8	0.8	0.1	0
../data/I08.txt	36874	293.242	36904.5	2	0.95	14	0.7	0	1
../data/I08.txt	22640	0	36913.3	0	0.9	8	0.85	0.1	0
../data/I08.txt	36886	335.331	36904.5	2	0.85	10	0.7	0.25	1
../data/I08.txt	22640	0	36913.3	0	0.95	12	0.9	0	0
../data/I08.txt	36890	230.839	36904.5	2	0.9	8	0.8	0.1	0
../data/I08.txt	36885	40.7743	36904.5	0	0.75	12	0.8	0.1	0
../data/I08.txt	36882	172.452	36904.5	2	0.75	8	0.8	0	0
../data/I08.txt	36876	137.917	36904.5	2	0.95	8	0.8	0	0
../data/I08.txt	36883	163.59	36904.5	1	0.75	12	0.8	0.1	0
../data/I08.txt	36889	210.436	36904.5	2	0.9	8	0.8	0.1	0
../data/I08.txt	36889	116.173	36904.5	1	0.75	8	0.8	0	0
../data/I08.txt	36890	192.554	36904.5	1	0.75	12	0.8	0.5	0
../data/I08.txt	36878	55.0715	36904.5	1	0.95	8	0.8	0.1	0
../data/I08.txt	36889	89.6324	36904.5	1	0.9	12	0.8	0	0
../data/I08.txt	36887	371.468	36904.5	2	0.75	12	0.8	0	0
../data/I08.txt	36890	237.943	36904.5	2	0.75	8	0.8	0	0
../data/I08.txt	36890	238.057	36904.5	2	0.75	8	0.8	0	0
../data/I08.txt	36882	106.377	36904.5	1	0.95	14	0.8	0.1	0
../data/I08.txt	36890	329.424	36904.5	2	0.75	12	0.8	0.1	0
../data/I08.txt	36883	50.9329	36904.5	1	0.9	10	0.8	0	0
../data/I08.txt	36889	116.168	36904.5	1	0.75	8	0.8	0	0
../data/I08.txt	36890	226.536	36904.5	2	0.9	8	0.8	0.1	0
../data/I08.txt	36890	224.015	36904.5	2	0.9	8	0.8	0.1	0
../data/I08.txt	36882	166.822	36904.5	2	0.75	8	0.8	0	0
../data/I08.txt	36889	91.0601	36904.5	2	0.9	12	0.8	0.1	0
../data/I08.txt	36890	357.481	36904.5	2	0.75	12	0.8	0.1	0
../data/I08.txt	36883	193.904	36904.5	2	0.75	8	0.8	0	0
../data/I08.txt	36890	398.233	36904.5	2	0.75	12	0.8	0.1	0
../data/I08.txt	36885	41.607	36904.5	0	0.75	12	0.8	0	0
../data/I08.txt	36889	187.692	36904.5	2	0.75	8	0.8	0.1	0
../data/I08.txt	36889	351.167	36904.5	2	0.75	8	0.8	0.1	0
../data/I08.txt	36880	35.5996	36904.5	0	0.9	8	0.7	0.1	0
../data/I08.txt	36876	137.898	36904.5	2	0.95	8	0.8	0	0
../data/I08.txt	36890	230.967	36904.5	2	0.9	8	0.8	0.1	0
../data/I08.txt	36889	116.138	36904.5	1	0.75	8	0.8	0	0
../data/I08.txt	22640	0	36913.3	0	0.75	12	0.9	0.1	0
../data/I08.txt	36889	217.545	36904.5	1	0.75	12	0.8	0	0
../data/I08.txt	36875	205.413	36904.5	2	0.95	12	0.8	0	0
../data/I08.txt	22640	0	36913.3	0	0.75	12	0.9	0	0
../data/I08.txt	22640	0	36913.3	0	0.95	10	0.9	0.1	1
../data/I08.txt	22640	0	36913.3	0	0.75	14	0.85	0.25	0
../data/I08.txt	36867	217.62	36904.5	2	0.9	10	0.7	0	0
../data/I08.txt	22640	0	36913.3	0	0.85	8	0.9	0	1
../data/I08.txt	22640	0	36913.3	0	0.9	8	0.85	0.5	1
../data/I08.txt	36889	207.883	36904.5	2	0.9	8	0.8	0.1	0
../data/I08.txt	36889	258.204	36904.5	1	0.75	12	0.8	0	0
../data/I08.txt	36890	230.765	36904.5	2	0.9	8	0.8	0.1	0
../data/I08.txt	36885	193.194	36904.5	2	0.9	12	0.8	0.1	0
../data/I08.txt	36890	230.777	36904.5	2	0.9	8	0.8	0.1	0
../data/I08.txt	36875	164.197	36904.5	2	0.95	12	0.8	0	0
../data/I08.txt	36889	187.706	36904.5	2	0.75	8	0.8	0.1	0
../data/I08.txt	36883	187.28	36904.5	2	0.75	8	0.8	0	0
../data/I08.txt	36890	216.109	36904.5	2	0.9	8	0.8	0.1	0
../data/I08.txt	36876	174.83	36904.5	2	0.95	12	0.8	0	0
../data/I08.txt	36890	227.674	36904.5	2	0.9	8	0.8	0.1	0
../data/I08.txt	36883	53.7238	36904.5	0	0.75	12	0.8	0.1	0
../data/I08.txt	36889	165.638	36904.5	2	0.9	12	0.8	0.1	0
../data/I08.txt	36874	188.164	36904.5	2	0.95	14	0.8	0	0
../data/I08.txt	36873	116.134	36904.5	2	0.95	8	0.8	0	0
../data/I08.txt	36889	33.2212	36904.5	0	0.75	8	0.8	0	0
../data/I08.txt	36878	102.709	36904.5	1	0.75	12	0.8	0.25	0
../data/I08.txt	36890	204.359	36904.5	1	0.75	14	0.8	0.5	0
../data/I08.txt	36884	289.301	36904.5	2	0.9	8	0.8	0	0
../data/I08.txt	36881	315.262	36904.5	2	0.75	12	0.8	0.1	0
../data/I08.txt	36889	187.635	36904.5	2	0.75	8	0.8	0.1	0
../data/I08.txt	22640	0	36913.3	0	0.9	8	0.85	0.1	0
../data/I08.txt	36889	210.425	36904.5	2	0.9	8	0.8	0.1	0
../data/I08.txt	36886	153.104	36904.5	1	0.75	12	0.8	0.1	0
../data/I08.txt	36889	116.409	36904.5	1	0.75	8	0.8	0	0
../data/I08.txt	36889	116.149	36904.5	1	0.75	8	0.8	0	0
../data/I08.txt	36890	230.808	36904.5	2	0.9	8	0.8	0.1	0
../data/I08.txt	36889	378.077	36904.5	2	0.75	12	0.8	0.1	0
../data/I08.txt	36890	192.665	36904.5	1	0.75	12	0.8	0.5	0
../data/I08.txt	36883	51.8239	36904.5	0	0.75	12	0.8	0	0
../data/I08.txt	36890	230.933	36904.5	2	0.9	8	0.8	0.1	0
../data/I08.txt	36873	116.103	36904.5	2	0.95	8	0.8	0	0
../data/I08.txt	36878	55.056	36904.5	1	0.95	8	0.8	0.1	0
../data/I08.txt	36887	110.369	36904.5	2	0.9	8	0.8	0.1	0
../data/I08.txt	36882	166.854	36904.5	2	0.75	8	0.8	0	0
../data/I08.txt	36885	154.648	36904.5	2	0.85	10	0.7	0	1
../data/I08.txt	36879	336.067	36904.5	2	0.95	14	0.8	0	1
../data/I08.txt	22640	0	36913.3	0	0.95	14	0.9	0.25	1
../data/I08.txt	22640	0	36913.3	0	0.9	8	0.85	0.5	1
../data/I08.txt	22640	0	36913.3	0	0.85	12	0.85	0.5	1
../data/I08.txt	36890	216.148	36904.5	2	0.9	8	0.8	0.1	0
../data/I08.txt	36886	153.139	36904.5	1	0.75	12	0.8	0.1	0
../data/I08.txt	36890	226.687	36904.5	2	0.9	8	0.8	0.1	0
../data/I08.txt	36882	214.632	36904.5	2	0.9	10	0.8	0.1	1
../data/I08.txt	36890	230.833	36904.5	2	0.9	8	0.8	0.1	0
../data/I08.txt	36873	194.742	36904.5	2	0.95	12	0.8	0	0
../data/I08.txt	36877	131.822	36904.5	1	0.9	12	0.8	0.1	0
../data/I08.txt	36886	153.15	36904.5	1	0.75	14	0.8	0.1	0
../data/I08.txt	36883	72.2462	36904.5	1	0.75	12	0.8	0	0
../data/I08.txt	36890	224.059	36904.5	2	0.9	8	0.8	0.1	0
../data/I08.txt	36881	205.629	36904.5	2	0.9	10	0.8	0.1	0
../data/I08.txt	36887	125.829	36904.5	1	0.9	8	0.8	0.1	0
../data/I08.txt	36890	230.909	36904.5	2	0.9	8	0.8	0.1	0
../data/I08.txt	36890	236.478	36904.5	2	0.9	8	0.8	0.1	0
../data/I08.txt	36883	347.032	36904.5	2	0.75	12	0.8	0.1	0
../data/I08.txt	36883	187.189	36904.5	2	0.75	8	0.8	0	0
../data/I08.txt	36883	72.2321	36904.5	1	0.75	12	0.8	0	0
../data/I08.txt	36885	117.646	36904.5	1	0.75	8	0.8	0.1	0
../data/I08.txt	36889	151.36	36904.5	2	0.9	8	0.8	0.1	0
../data/I08.txt	36875	172.113	36904.5	2	0.9	8	0.7	0	0
../data/I08.txt	36889	189.476	36904.5	1	0.75	8	0.8	0.1	0
../data/I08.txt	36890	238.052	36904.5	2	0.75	8	0.8	0	0
../data/I08.txt	36878	153.145	36904.5	1	0.75	12	0.8	0.1	0
../data/I08.txt	36890	192.54	36904.5	1	0.75	12	0.8	0.5	0
../data/I08.txt	36889	187.645	36904.5	2	0.75	8	0.8	0.1	0
../data/I08.txt	36885	205.381	36904.5	2	0.95	12	0.8	0	0
../data/I08.txt	36890	192.568	36904.5	1	0.75	12	0.8	0.5	0
../data/I08.txt	36890	216.358	36904.5	2	0.9	8	0.8	0.1	0
../data/I08.txt	36890	223.989	36904.5	2	0.9	8	0.8	0.1	0
../data/I08.txt	36882	286.234	36904.5	2	0.75	12	0.8	0.1	0
../data/I08.txt	36889	33.0723	36904.5	0	0.75	8	0.8	0	0
../data/I08.txt	36887	92.4901	36904.5	1	0.95	12	0.8	0.1	0
../data/I08.txt	36889	61.8695	36904.5	1	0.9	8	0.8	0.1	0
../data/I08.txt	36878	55.0283	36904.5	1	0.95	8	0.8	0.1	0
../data/I08.txt	36889	258.355	36904.5	1	0.75	12	0.8	0	0
../data/I08.txt	36882	175.15	36904.5	2	0.95	12	0.8	0	0
../data/I08.txt	36884	265.635	36904.5	2	0.85	14	0.8	0	1
../data/I08.txt	36883	224.854	36904.5	2	0.95	14	0.8	0.25	0
../data/I08.txt	36867	53.7332	36904.5	0	0.85	10	0.7	0.25	1
../data/I08.txt	22640	0	36913.3	0	0.95	12	0.9	0.5	1
../data/I08.txt	36883	137.307	36904.5	1	0.9	8	0.8	0.1	0
../data/I08.txt	36889	184.896	36904.5	2	0.95	12	0.8	0.1	0
../data/I08.txt	36883	72.2479	36904.5	1	0.75	12	0.8	0	0
../data/I08.txt	36883	72.2549	36904.5	1	0.75	12	0.8	0	0
../data/I08.txt	36886	153.042	36904.5	1	0.75	12	0.8	0.1	0
../data/I08.txt	36879	102.539	36904.5	1	0.85	12	0.8	0.25	1
../data/I08.txt	36890	193.264	36904.5	1	0.75	12	0.8	0.5	0
../data/I08.txt	36889	336.984	36904.5	2	0.75	12	0.8	0.1	0
../data/I08.txt	36883	143.79	36904.5	2	0.9	8	0.8	0.1	0
../data/I08.txt	36890	124.248	36904.5	1	0.9	8	0.8	0.1	0
../data/I08.txt	36875	48.5118	36904.5	1	0.9	8	0.8	0.1	0
../data/I08.txt	36889	187.679	36904.5	2	0.75	8	0.8	0.1	0
../data/I08.txt	36885	207.071	36904.5	1	0.75	12	0.8	0	0
../data/I08.txt	36886	153.128	36904.5	1	0.75	12	0.8	0.1	0
../data/I08.txt	36890	126.848	36904.5	1	0.9	8	0.8	0	0
../data/I08.txt	36889	346.067	36904.5	2	0.75	8	0.8	0	0
../data/I08.txt	36875	48.5465	36904.5	1	0.9	8	0.8	0.1	0
../data/I08.txt	36878	121.444	36904.5	1	0.75	12	0.8	0.1	0
../data/I08.txt	36878	55.7535	36904.5	1	0.95	8	0.8	0.1	0
../data/I08.txt	36886	153.107	36904.5	1	0.75	12	0.8	0.1	0
../data/I08.txt	36890	192.757	36904.5	1	0.75	12	0.8	0.5	0
../data/I08.txt	36889	177.446	36904.5	2	0.9	12	0.8	0.1	0
../data/I08.txt	36877	174.895	36904.5	2	0.95	12	0.8	0	0
../data/I08.txt	36880	155.167	36904.5	1	0.75	12	0.8	0.1	0
../data/I08.txt	36885	149.907	36904.5	1	0.9	8	0.8	0.1	0
../data/I08.txt	36883	72.306	36904.5	1	0.75	12	0.8	0	0
../data/I08.txt	36883	272.565	36904.5	2	0.75	12	0.8	0.1	0
../data/I08.txt	36883	248.12	36904.5	2	0.75	8	0.8	0.1	0
../data/I08.txt	36885	96.3048	36904.5	1	0.9	8	0.8	0.1	0
../data/I08.txt	36889	151.929	36904.5	1	0.75	12	0.8	0.5	0
../data/I08.txt	36890	295.558	36904.5	2	0.9	8	0.8	0.1	0
../data/I08.txt	36890	231.467	36904.5	2	0.9	8	0.8	0.1	0
../data/I08.txt	36890	82.1684	36904.5	1	0.95	12	0.8	0	0
../data/I08.txt	36879	152.566	36904.5	1	0.75	12	0.8	0.1	0
../data/I08.txt	36880	132.223	36904.5	2	0.9	12	0.8	0.1	0
../data/I08.txt	36886	196.947	36904.5	2	0.95	14	0.7	0.1	1
../data/I08.txt	36884	69.7941	36904.5	0	0.75	10	0.7	0.1	1
../data/I08.txt	22640	0	36913.3	0	0.75	8	0.85	0	1
../data/I08.txt	22640	0	36913.3	0	0.85	8	0.9	0	1
../data/I08.txt	22640	0	36913.3	0	0.9	8	0.9	0.5	0
../data/I08.txt	36881	195.911	36904.5	2	0.75	8	0.8	0.5	0
../data/I08.txt	36889	318.019	36904.5	2	0.75	12	0.8	0.1	0
../data/I08.txt	36886	153.201	36904.5	1	0.75	12	0.8	0.1	0
../data/I08.txt	36878	204.144	36904.5	2	0.9	8	0.8	0	0
../data/I08.txt	36884	85.2391	36904.5	1	0.9	8	0.8	0.1	0
../data/I08.txt	36890	231.292	36904.5	2	0.9	8	0.8	0.1	0
../data/I08.txt	36886	153.14	36904.5	1	0.75	12	0.8	0.1	0
../data/I08.txt	36884	79.4979	36904.5	1	0.9	8	0.8	0.1	0
../data/I08.txt	36878	83.1206	36904.5	1	0.95	12	0.8	0	0
../data/I08.txt	36883	132.346	36904.5	2	0.9	12	0.8	0.1	0
../data/I08.txt	22640	0	36913.3	0	0.9	8	0.9	0.1	0
../data/I08.txt	36890	192.293	36904.5	2	0.9	8	0.8	0	0
../data/I08.txt	36884	74.435	36904.5	1	0.75	8	0.8	0	0
../data/I08.txt	36883	167.083	36904.5	1	0.75	8	0.8	0.1	0
../data/I08.txt	36890	238.126	36904.5	2	0.9	8	0.8	0.1	0
../data/I08.txt	36889	258.319	36904.5	1	0.75	12	0.8	0	0
../data/I08.txt	36886	163.525	36904.5	1	0.85	12	0.8	0.25	1
../data/I08.txt	36889	151.967	36904.5	1	0.75	12	0.8	0.5	0
../data/I08.txt	36883	91.7814	36904.5	0	0.75	12	0.8	0.1	0
../data/I08.txt	36880	157.875	36904.5	2	0.75	8	0.8	0	0
../data/I08.txt	36884	193.146	36904.5	1	0.75	12	0.8	0.1	0
../data/I08.txt	36890	231.288	36904.5	2	0.9	8	0.8	0.1	0
../data/I08.txt	36886	152.396	36904.5	1	0.75	12	0.8	0.1	0
../data/I08.txt	36885	282.257	36904.5	2	0.9	8	0.8	0.1	0
../data/I08.txt	36889	187.77	36904.5	2	0.75	8	0.8	0.1	0
../data/I08.txt	36886	289.123	36904.5	2	0.75	8	0.8	0.1	0
../data/I08.txt	36875	205.673	36904.5	2	0.95	12	0.8	0	0
../data/I08.txt	36875	178.814	36904.5	2	0.95	14	0.7	0.1	0
../data/I08.txt	36878	163.327	36904.5	1	0.75	12	0.8	0.1	0
../data/I08.txt	36890	192.79	36904.5	1	0.75	12	0.8	0.5	0
../data/I08.txt	36883	72.223	36904.5	1	0.75	12	0.8	0	0
../data/I08.txt	36890	238.01	36904.5	2	0.9	8	0.8	0.1	0
../data/I08.txt	36890	192.75	36904.5	1	0.75	12	0.8	0.5	0
../data/I08.txt	36884	79.8492	36904.5	1	0.9	8	0.8	0.1	0
../data/I08.txt	36884	352.398	36904.5	2	0.75	12	0.8	0.1	0
../data/I08.txt	36880	81.4141	36904.5	1	0.95	14	0.7	0.5	0
../data/I08.txt	36876	156.165	36904.5	2	0.85	8	0.8	0.5	0
../data/I08.txt	22640	0	36913.3	0	0.9	8	0.9	0.1	0
../data/I08.txt	36883	265.346	36904.5	2	0.75	14	0.8	0.25	1
../data/I08.txt	36877	286.302	36904.5	2	0.95	12	0.7	0.5	1
../data/I08.txt	36878	97.4993	36904.5	1	0.75	8	0.8	0.25	0
../data/I08.txt	36883	72.2508	36904.5	1	0.75	12	0.8	0	0
../data/I08.txt	36887	234.667	36904.5	1	0.75	12	0.8	0.1	0
../data/I08.txt	36889	145.714	36904.5	2	0.9	12	0.8	0.1	0
../data/I08.txt	36890	192.737	36904.5	1	0.75	12	0.8	0.5	0
../data/I08.txt	36880	168.712	36904.5	2	0.95	8	0.8	0.1	0
../data/I08.txt	36890	231.192	36904.5	2	0.9	8	0.8	0.1	0
../data/I08.txt	36882	167.074	36904.5	2	0.75	8	0.8	0	0
../data/I08.txt	36890	228.866	36904.5	2	0.9	8	0.8	0.1	0
../data/I08.txt	36883	76.0625	36904.5	1	0.95	12	0.8	0	0
../data/I08.txt	36882	102.931	36904.5	1	0.95	12	0.8	0.1	0
../data/I08.txt	36882	261.623	36904.5	2	0.75	12	0.8	0.1	0
../data/I08.txt	36883	124.865	36904.5	1	0.9	12	0.8	0.1	0
../data/I08.txt	36885	193.249	36904.5	2	0.9	12	0.8	0.1	0
../data/I08.txt	36884	148.075	36904.5	2	0.95	8	0.8	0.1	0
../data/I08.txt	36879	237.887	36904.5	2	0.75	8	0.8	0	0
../data/I08.txt	36880	109.971	36904.5	1	0.9	8	0.8	0.1	0
../data/I08.txt	36887	93.018	36904.5	1	0.95	12	0.8	0.1	0
../data/I08.txt	36883	346.12	36904.5	2	0.75	12	0.8	0.1	0
../data/I08.txt	36884	151.998	36904.5	1	0.9	8	0.8	0	0
../data/I08.txt	36889	107.354	36904.5	1	0.9	8	0.8	0.1	0
../data/I08.txt	36886	152.427	36904.5	1	0.75	12	0.8	0.1	0
../data/I08.txt	36883	133.329	36904.5	1	0.9	12	0.8	0.1	0
../data/I08.txt	36881	248.05	36904.5	2	0.75	8	0.8	0	0
../data/I08.txt	36890	126.848	36904.5	1	0.9	8	0.8	0	0
../data/I08.txt	36892	311.415	36904.5	2	0.75	12	0.8	0.1	0
../data/I08.txt	36883	117.852	36904.5	1	0.9	8	0.8	0.1	0
../data/I08.txt	36889	187.693	36904.5	2	0.75	8	0.8	0.1	0
../data/I08.txt	36889	47.0519	36904.5	0	0.75	8	0.8	0.5	0
../data/I08.txt	36886	153.13	36904.5	1	0.75	12	0.8	0.1	0
../data/I08.txt	36875	97.0866	36904.5	1	0.9	8	0.8	0.1	0
../data/I08.txt	36885	89.1562	36904.5	1	0.75	8	0.8	0	0
../data/I08.txt	36883	91.347	36904.5	1	0.9	12	0.8	0.1	0
../data/I08.txt	36883	87.034	36904.5	1	0.9	8	0.8	0.1	0
../data/I08.txt	22640	0	36913.3	0	0.85	8	0.9	0	1
../data/I08.txt	22640	0	36913.3	0	0.9	8	0.85	0.25	1
../data/I08.txt	22640	0	36913.3	0	0.85	14	0.9	0.5	0
../data/I08.txt	22640	0	36913.3	0	0.9	8	0.9	0.1	0
../data/I08.txt	22640	0	36913.3	0	0.9	12	0.9	0.1	1
../data/I08.txt	22640	0	36913.3	0	0.75	8	0.85	0.25	0
../data/I08.txt	22640	0	36913.3	0	0.85	14	0.9	0.25	0
../data/I08.txt	22640	0	36913.3	0	0.9	14	0.9	0.1	1
../data/I08.txt	22640	0	36913.3	0	0.75	12	0.9	0	0
../data/I08.txt	22640	0	36913.3	0	0.85	14	0.9	0.5	1
../data/I08.txt	22640	0	36913.3	0	0.9	14	0.85	0.1	1
../data/I08.txt	22640	0	36913.3	0	0.95	12	0.85	0	1
../data/I08.txt	22640	0	36913.3	0	0.75	12	0.85	0	1
../data/I08.txt	22640	0	36913.3	0	0.9	14	0.9	0.1	0
../data/I08.txt	22640	0	36913.3	0	0.95	8	0.85	0.5	1
../data/I08.txt	22640	0	36913.3	0	0.85	14	0.9	0.5	1
../data/I08.txt	22640	0	36913.3	0	0.9	12	0.85	0.1	1
../data/I08.txt	22640	0	36913.3	0	0.95	12	0.9	0.1	0
../data/I08.txt	22640	0	36913.3	0	0.9	8	0.9	0.1	0
../data/I08.txt	22640	0	36913.3	0	0.85	14	0.9	0	1
../data/I08.txt	22640	0	36913.3	0	0.85	10	0.85	0	0
../data/I08.txt	22640	0	36913.3	0	0.9	12	0.9	0.25	1
../data/I08.txt	22640	0	36913.3	0	0.9	10	0.85	0.1	0
../data/I08.txt	22640	0	36913.3	0	0.85	8	0.9	0.25	0
../data/I08.txt	22640	0	36913.3	0	0.9	8	0.9	0.25	1
../data/I08.txt	22640	0	36913.3	0	0.85	14	0.85	0.25	1
../data/I08.txt	22640	0	36913.3	0	0.75	12	0.9	0.25	0
../data/I08.txt	22640	0	36913.3	0	0.9	8	0.9	0.25	0
../data/I08.txt	22640	0	36913.3	0	0.95	14	0.85	0.5	1
../data/I08.txt	22640	0	36913.3	0	0.75	14	0.85	0.5	1
../data/I08.txt	22640	0	36913.3	0	0.75	12	0.9	0.25	0
../data/I08.txt	22640	0	36913.3	0	0.95	14	0.9	0.1	1
../data/I08.txt	22640	0	36913.3	0	0.75	12	0.85	0.5	0
../data/I08.txt	22640	0	36913.3	0	0.85	10	0.9	0.5	1
../data/I08.txt	22640	0	36913.3	0	0.85	12	0.85	0.1	1
../data/I08.txt	22640	0	36913.3	0	0.9	12	0.85	0	1
../data/I08.txt	22640	0	36913.3	0	0.9	12	0.85	0.1	0
../data/I08.txt	22640	0	36913.3	0	0.75	10	0.85	0.5	1
../data/I08.txt	22640	0	36913.3	0	0.75	8	0.85	0.1	1



../data/I08.txt	36878	195.295	36904.5	2	0.85	14	0.8	0.05	0
../data/I08.txt	36883	136.813	36904.5	1	0.75	14	0.8	0	0
../data/I08.txt	36890	91.0465	36904.5	1	0.9	14	0.8	0.05	0
../data/I08.txt	36884	17.3191	36904.5	0	0.85	14	0.8	0.075	0
../data/I08.txt	36878	89.6555	36904.5	1	0.75	10	0.8	0.05	0
../data/I08.txt	36876	190.086	36904.5	2	0.95	10	0.8	0.075	0
../data/I08.txt	36875	30.9746	36904.5	0	0.95	16	0.8	0.1	0
../data/I08.txt	36883	116.78	36904.5	1	0.9	14	0.8	0.1	0
../data/I08.txt	36883	236.668	36904.5	2	0.9	12	0.8	0.075	0
../data/I08.txt	36885	202.702	36904.5	1	0.9	12	0.8	0	0
../data/I08.txt	36883	84.7009	36904.5	1	0.95	16	0.8	0.1	0
../data/I08.txt	36878	199.887	36904.5	2	0.85	10	0.8	0.1	0
../data/I08.txt	36890	43.808	36904.5	0	0.85	12	0.8	0.075	0
../data/I08.txt	36889	158.975	36904.5	2	0.9	14	0.8	0.05	0
../data/I08.txt	36882	117.946	36904.5	1	0.75	10	0.8	0	0
../data/I08.txt	36876	141.759	36904.5	1	0.75	10	0.8	0.1	0
../data/I08.txt	36874	272.671	36904.5	2	0.9	12	0.8	0	0
../data/I08.txt	36884	24.7068	36904.5	0	0.9	10	0.8	0.1	0
../data/I08.txt	36884	17.3276	36904.5	0	0.85	14	0.8	0.075	0
../data/I08.txt	36879	157.459	36904.5	1	0.95	10	0.8	0	0
../data/I08.txt	36883	323.092	36904.5	2	0.85	14	0.8	0.1	0
../data/I08.txt	36883	116.856	36904.5	1	0.9	16	0.8	0.1	0
../data/I08.txt	36884	98.6582	36904.5	1	0.75	12	0.8	0.05	0
../data/I08.txt	36886	273.584	36904.5	2	0.85	12	0.8	0	0
../data/I08.txt	36877	221.201	36904.5	2	0.95	12	0.8	0.075	0
../data/I08.txt	36877	69.2171	36904.5	1	0.95	10	0.8	0.1	0
../data/I08.txt	36890	263.135	36904.5	2	0.9	12	0.8	0.075	0
../data/I08.txt	36879	160.563	36904.5	1	0.95	14	0.8	0	0
