../data/I07.txt	24589	51.4613	24608	0	0.9	3	0.75	0	0
../data/I07.txt	24587	30.3303	24608.1	0	0.9	3	0.75	0	0
../data/I07.txt	24587	30.307	24608.1	0	0.9	3	0.75	0	0
../data/I07.txt	24587	30.3148	24608.1	0	0.9	3	0.75	0	0
../data/I07.txt	24587	116.336	24608.1	1	0.7	3	0.75	0.5	1
../data/I07.txt	24587	30.6465	24608.1	0	0.9	4	0.75	0	0
../data/I07.txt	24585	104.34	24608	0	0.7	5	0.75	0.25	0
../data/I07.txt	24587	80.7641	24608.1	0	0.9	3	0.75	0.5	1
../data/I07.txt	24584	0.942035	24608.2	0	0.8	5	0.6	0.1	0
../data/I07.txt	24589	87.7489	24608	0	0.7	3	0.75	0.5	0
../data/I07.txt	24586	69.5037	24608	0	0.7	5	0.75	0	0
../data/I07.txt	24585	20.6273	24608	0	0.8	4	0.75	0.1	1
../data/I07.txt	24592	298.617	24608.1	2	0.7	3	0.75	0.25	0
../data/I07.txt	24587	304.583	24608.1	1	0.8	5	0.75	0.5	1
../data/I07.txt	24591	617.492	24608	2	0.9	4	0.75	0.25	1
../data/I07.txt	24589	344.277	24608.1	1	0.8	3	0.75	0.5	1
../data/I07.txt	24585	20.628	24608	0	0.8	4	0.75	0.1	1
../data/I07.txt	24587	537.047	24608.1	1	0.7	5	0.75	0	1
../data/I07.txt	24587	20.2722	24608.1	0	0.7	5	0.75	0.5	1
../data/I07.txt	24585	64.2967	24608	0	0.7	4	0.75	0.25	0
../data/I07.txt	24590	62.5344	24608	0	0.8	3	0.75	0.25	1
../data/I07.txt	24585	21.5338	24608	0	0.8	3	0.75	0.25	0
../data/I07.txt	24587	263.128	24608.1	0	0.9	4	0.75	0	1
../data/I07.txt	24585	40.3114	24608.1	0	0.8	3	0.75	0.5	0
../data/I07.txt	24587	537.03	24608.1	1	0.7	5	0.75	0	1
../data/I07.txt	24585	113.979	24608	0	0.9	4	0.75	0.1	0
../data/I07.txt	24588	604.942	24608.1	0	0.7	3	0.75	0	1
../data/I07.txt	24587	30.2831	24608.1	0	0.7	4	0.75	0	0
../data/I07.txt	24586	69.4775	24608	0	0.7	5	0.75	0	0
../data/I07.txt	24586	317.855	24608.1	0	0.7	3	0.75	0.1	1
../data/I07.txt	24587	116.25	24608.1	1	0.7	3	0.75	0.5	1
../data/I07.txt	24587	30.1264	24608.1	0	0.7	4	0.75	0	0
../data/I07.txt	24585	8.18974	24608	0	0.7	3	0.75	0	0
../data/I07.txt	24586	317.852	24608.1	0	0.7	3	0.75	0.1	1
../data/I07.txt	24587	263.097	24608.1	0	0.9	4	0.75	0	1
../data/I07.txt	24591	617.543	24608	2	0.9	4	0.75	0.25	1
../data/I07.txt	24589	74.2793	24608	0	0.7	3	0.75	0.1	0
../data/I07.txt	24590	62.5392	24608	0	0.8	3	0.75	0.25	1
../data/I07.txt	24585	51.5974	24608	0	0.7	3	0.75	0.5	0
../data/I07.txt	24590	62.4951	24608	0	0.8	3	0.75	0.25	1
../data/I07.txt	24587	567.836	24608	1	0.8	4	0.75	0.25	1
../data/I07.txt	24587	487.205	24608.1	1	0.8	3	0.75	0.1	1
../data/I07.txt	24585	104.262	24608	0	0.7	5	0.75	0.25	0
../data/I07.txt	24592	298.554	24608.1	2	0.7	3	0.75	0.25	0
../data/I07.txt	24592	298.553	24608.1	2	0.7	3	0.75	0.25	0
../data/I07.txt	24591	617.547	24608	2	0.9	4	0.75	0.25	1
../data/I07.txt	24586	40.305	24608	0	0.9	5	0.75	0.5	1
../data/I07.txt	24586	248.544	24608	1	0.7	3	0.75	0.25	1
../data/I07.txt	24585	20.8779	24608	0	0.8	5	0.75	0.25	1
../data/I07.txt	24585	64.3679	24608	0	0.7	4	0.75	0.25	0
../data/I07.txt	24592	298.893	24608.1	2	0.7	3	0.75	0.25	0
../data/I07.txt	24589	344.237	24608.1	1	0.8	3	0.75	0.5	1
../data/I07.txt	24589	167.867	24608	0	0.9	5	0.75	0.25	0
../data/I07.txt	24585	55.2362	24608	0	0.9	5	0.75	0.5	0
../data/I07.txt	24592	298.5	24608.1	2	0.7	3	0.75	0.25	0
../data/I07.txt	24589	87.7656	24608	0	0.7	3	0.75	0.5	0
../data/I07.txt	24592	298.646	24608.1	2	0.7	3	0.75	0.25	0
../data/I07.txt	24592	298.6	24608.1	2	0.7	3	0.75	0.25	0
../data/I07.txt	24589	87.742	24608	0	0.7	3	0.75	0.5	0
../data/I07.txt	24592	296.698	24608.1	2	0.7	3	0.75	0.25	0
../data/I07.txt	24585	21.5468	24608	0	0.8	3	0.75	0.25	0
../data/I07.txt	24585	104.297	24608	0	0.7	5	0.75	0.25	0
../data/I07.txt	24590	62.5281	24608	0	0.8	3	0.75	0.25	1
../data/I07.txt	24589	87.7044	24608	0	0.7	3	0.75	0.5	0
../data/I07.txt	24592	298.543	24608.1	2	0.7	3	0.75	0.25	0
../data/I07.txt	24586	248.486	24608	1	0.7	3	0.75	0.25	1
../data/I07.txt	24592	298.576	24608.1	2	0.7	3	0.75	0.25	0
../data/I07.txt	24590	62.5214	24608	0	0.8	3	0.75	0.25	1
../data/I07.txt	24586	248.289	24608	1	0.7	3	0.75	0.25	1
../data/I07.txt	24592	298.566	24608.1	2	0.7	3	0.75	0.25	0
../data/I07.txt	24590	62.5224	24608	0	0.8	3	0.75	0.25	1
../data/I07.txt	24585	54.8076	24608	0	0.9	3	0.75	0.5	0
../data/I07.txt	24587	30.6747	24608.1	0	0.9	4	0.75	0	0
../data/I07.txt	24588	604.92	24608.1	0	0.7	3	0.75	0	1
../data/I07.txt	24592	296.392	24608.1	2	0.7	3	0.75	0.25	0
../data/I07.txt	24592	298.711	24608.1	2	0.7	3	0.75	0.25	0
../data/I07.txt	24592	298.61	24608.1	2	0.7	3	0.75	0.25	0
../data/I07.txt	24592	298.588	24608.1	2	0.7	3	0.75	0.25	0
../data/I07.txt	24592	298.675	24608.1	2	0.7	3	0.75	0.25	0
../data/I07.txt	24589	87.7798	24608	0	0.7	3	0.75	0.5	0
../data/I07.txt	24586	248.521	24608	1	0.7	3	0.75	0.25	1
../data/I07.txt	24592	298.677	24608.1	2	0.7	3	0.75	0.25	0
../data/I07.txt	24592	296.769	24608.1	2	0.7	3	0.75	0.25	0
../data/I07.txt	24592	298.696	24608.1	2	0.7	3	0.75	0.25	0
../data/I07.txt	24592	298.597	24608.1	2	0.7	3	0.75	0.25	0
../data/I07.txt	24592	298.626	24608.1	2	0.7	3	0.75	0.25	0
../data/I07.txt	24592	298.651	24608.1	2	0.7	3	0.75	0.25	0
../data/I07.txt	24589	87.7507	24608	0	0.7	3	0.75	0.5	0
../data/I07.txt	24592	298.73	24608.1	2	0.7	3	0.75	0.25	0
../data/I07.txt	24592	298.599	24608.1	2	0.7	3	0.75	0.25	0
../data/I07.txt	24585	8.22011	24608	0	0.7	3	0.75	0	0
../data/I07.txt	24592	298.9	24608.1	2	0.7	3	0.75	0.25	0
../data/I07.txt	24585	104.315	24608	0	0.7	5	0.75	0.25	0
../data/I07.txt	24589	74.411	24608	0	0.7	3	0.75	0.1	0
../data/I07.txt	24592	298.646	24608.1	2	0.7	3	0.75	0.25	0
../data/I07.txt	24592	298.514	24608.1	2	0.7	3	0.75	0.25	0
../data/I07.txt	24592	298.631	24608.1	2	0.7	3	0.75	0.25	0
../data/I07.txt	24592	302.184	24608.1	2	0.7	3	0.75	0.25	0
../data/I12.txt	86089	323.737	86100.5	1	0.7	4	0.75	0.25	0
../data/I12.txt	86081	328.319	86100.5	1	0.9	4	0.75	0.25	0
../data/I12.txt	86085	340.459	86100.5	1	0.8	3	0.75	0.5	0
../data/I12.txt	86083	19.9035	86100.5	0	0.7	4	0.75	0	1
../data/I12.txt	86085	138.617	86100.5	1	0.9	5	0.75	0	0
../data/I12.txt	86084	89.4106	86100.5	0	0.9	5	0.75	0	1
../data/I12.txt	86083	501.064	86100.5	1	0.8	4	0.75	0.1	1
../data/I12.txt	86082	230.193	86100.5	0	0.8	5	0.75	0	0
../data/I12.txt	86078	141.274	86100.5	0	0.8	5	0.75	0.1	1
../data/I12.txt	86079	94.9629	86100.5	0	0.9	4	0.75	0.5	1
../data/I12.txt	86089	455.059	86100.5	1	0.9	4	0.75	0	0
../data/I12.txt	86091	777.033	86100.5	1	0.7	4	0.75	0.25	1
../data/I12.txt	86089	455.106	86100.5	1	0.9	4	0.75	0	0
../data/I12.txt	86077	25.9146	86100.5	0	0.9	5	0.75	0.25	1
../data/I12.txt	86091	584.264	86100.5	1	0.7	3	0.75	0.25	0
../data/I12.txt	86081	191.384	86100.5	1	0.7	3	0.75	0.5	0
../data/I12.txt	86085	972.242	86100.5	1	0.9	3	0.75	0	0
../data/I12.txt	86083	164.124	86100.5	0	0.9	5	0.75	0.25	0
../data/I12.txt	86080	454.645	86100.5	2	0.8	5	0.75	0.25	1
../data/I12.txt	86085	109.946	86100.5	1	0.8	4	0.75	0.1	0
../data/I12.txt	86082	25.9882	86100.5	0	0.7	5	0.75	0	1
../data/I12.txt	86079	94.9722	86100.5	0	0.9	4	0.75	0.5	1
../data/I12.txt	86078	141.268	86100.5	0	0.8	5	0.75	0.1	1
../data/I12.txt	86086	63.2445	86100.5	0	0.9	5	0.75	0.5	1
../data/I12.txt	86080	599.952	86100.5	1	0.9	4	0.75	0	1
../data/I12.txt	86091	761.136	86100.5	1	0.7	3	0.75	0.25	1
../data/I12.txt	86081	328.343	86100.5	1	0.9	4	0.75	0.25	0
../data/I12.txt	86085	565.821	86100.5	2	0.7	3	0.75	0	0
../data/I12.txt	86091	228.82	86100.5	1	0.8	4	0.75	0	0
../data/I12.txt	86081	91.1206	86100.5	0	0.8	5	0.75	0.25	0
../data/I12.txt	86079	95.011	86100.5	0	0.9	4	0.75	0.5	1
../data/I12.txt	86077	84.749	86100.5	0	0.7	5	0.75	0.25	1
../data/I12.txt	86091	584.491	86100.5	1	0.7	3	0.75	0.25	0
../data/I12.txt	86089	323.805	86100.5	1	0.7	4	0.75	0.25	0
../data/I12.txt	86083	19.9452	86100.5	0	0.7	4	0.75	0	1
../data/I12.txt	86085	161.384	86100.5	1	0.8	4	0.75	0.25	0
../data/I12.txt	86083	20.5365	86100.5	0	0.7	4	0.75	0	1
../data/I12.txt	86083	164.191	86100.5	0	0.9	5	0.75	0.25	0
../data/I12.txt	86091	776.967	86100.5	1	0.7	4	0.75	0.25	1
../data/I12.txt	86089	455.115	86100.5	1	0.9	4	0.75	0	0
../data/I12.txt	86087	341.899	86100.5	1	0.9	4	0.75	0.5	0
../data/I12.txt	86080	454.641	86100.5	2	0.8	5	0.75	0.25	1
../data/I12.txt	86093	638.834	86100.5	2	0.9	3	0.75	0.25	0
../data/I12.txt	86079	47.755	86100.5	0	0.7	5	0.75	0	1
../data/I12.txt	86089	212.633	86100.5	1	0.8	3	0.75	0.25	0
../data/I12.txt	86091	761.381	86100.5	1	0.7	3	0.75	0.25	1
../data/I12.txt	86091	777.015	86100.5	1	0.7	4	0.75	0.25	1
../data/I12.txt	86093	638.871	86100.5	2	0.9	3	0.75	0.25	0
../data/I12.txt	86085	563.969	86100.5	2	0.7	3	0.75	0	0
../data/I12.txt	86080	119.197	86100.5	0	0.7	3	0.75	0	1
../data/I12.txt	86091	583.595	86100.5	1	0.7	3	0.75	0.25	0
../data/I12.txt	86091	228.701	86100.5	1	0.8	4	0.75	0	0
../data/I12.txt	86091	776.85	86100.5	1	0.7	4	0.75	0.25	1
../data/I12.txt	86091	583.662	86100.5	1	0.7	3	0.75	0.25	0
../data/I12.txt	86091	761.159	86100.5	1	0.7	3	0.75	0.25	1
../data/I12.txt	86084	475.061	86100.5	1	0.7	4	0.75	0	0
../data/I12.txt	86078	9.17319	86100.5	0	0.9	3	0.75	0.25	1
../data/I12.txt	86093	638.943	86100.5	2	0.9	3	0.75	0.25	0
../data/I12.txt	86089	323.692	86100.5	1	0.7	4	0.75	0.25	0
../data/I12.txt	86091	583.699	86100.5	1	0.7	3	0.75	0.25	0
../data/I12.txt	86089	212.058	86100.5	1	0.8	3	0.75	0.25	0
../data/I12.txt	86091	776.915	86100.5	1	0.7	4	0.75	0.25	1
../data/I12.txt	86089	445.888	86100.5	1	0.8	4	0.75	0.25	1
../data/I12.txt	86086	106.072	86100.5	0	0.9	4	0.75	0.1	0
../data/I12.txt	86085	138.608	86100.5	1	0.9	5	0.75	0	0
../data/I12.txt	86091	761.363	86100.5	1	0.7	3	0.75	0.25	1
../data/I12.txt	86091	776.849	86100.5	1	0.7	4	0.75	0.25	1
../data/I12.txt	86089	212.099	86100.5	1	0.8	3	0.75	0.25	0
../data/I12.txt	86091	761.196	86100.5	1	0.7	3	0.75	0.25	1
../data/I12.txt	86089	323.715	86100.5	1	0.7	4	0.75	0.25	0
../data/I12.txt	86091	583.593	86100.5	1	0.7	3	0.75	0.25	0
../data/I12.txt	86089	211.947	86100.5	1	0.8	3	0.75	0.25	0
../data/I12.txt	86091	583.673	86100.5	1	0.7	3	0.75	0.25	0
../data/I12.txt	86091	583.831	86100.5	1	0.7	3	0.75	0.25	0
../data/I12.txt	86093	638.971	86100.5	2	0.9	3	0.75	0.25	0
../data/I12.txt	86093	638.732	86100.5	2	0.9	3	0.75	0.25	0
../data/I12.txt	86078	9.1417	86100.5	0	0.9	3	0.75	0.25	1
../data/I12.txt	86078	9.15628	86100.5	0	0.9	3	0.75	0.25	1
../data/I12.txt	86089	212.008	86100.5	1	0.8	3	0.75	0.25	0
../data/I12.txt	86085	972.508	86100.5	1	0.9	3	0.75	0	0
../data/I12.txt	86091	583.68	86100.5	1	0.7	3	0.75	0.25	0
../data/I12.txt	86089	323.789	86100.5	1	0.7	4	0.75	0.25	0
../data/I12.txt	86078	9.16996	86100.5	0	0.9	3	0.75	0.25	1
../data/I12.txt	86074	5.92432	86100.5	0	0.8	3	0.75	0.1	1
../data/I12.txt	86088	303.264	86100.5	1	0.8	5	0.75	0.1	0
../data/I12.txt	86093	638.896	86100.5	2	0.9	3	0.75	0.25	0
../data/I12.txt	86078	9.14079	86100.5	0	0.9	3	0.75	0.25	1
../data/I12.txt	86091	583.602	86100.5	1	0.7	3	0.75	0.25	0
../data/I12.txt	86093	638.779	86100.5	2	0.9	3	0.75	0.25	0
../data/I12.txt	86089	212.016	86100.5	1	0.8	3	0.75	0.25	0
../data/I12.txt	86093	969.583	86100.5	1	0.9	4	0.75	0.25	0
../data/I12.txt	86091	583.618	86100.5	1	0.7	3	0.75	0.25	0
../data/I12.txt	86093	638.848	86100.5	2	0.9	3	0.75	0.25	0
../data/I12.txt	86091	583.658	86100.5	1	0.7	3	0.75	0.25	0
../data/I12.txt	86078	9.13998	86100.5	0	0.9	3	0.75	0.25	1
../data/I12.txt	86093	638.679	86100.5	2	0.9	3	0.75	0.25	0
../data/I12.txt	86093	638.891	86100.5	2	0.9	3	0.75	0.25	0
../data/I12.txt	86093	638.742	86100.5	2	0.9	3	0.75	0.25	0
../data/I12.txt	86093	638.739	86100.5	2	0.9	3	0.75	0.25	0
../data/I12.txt	86093	638.969	86100.5	2	0.9	3	0.75	0.25	0
../data/I12.txt	86093	638.714	86100.5	2	0.9	3	0.75	0.25	0
../data/I12.txt	86093	638.773	86100.5	2	0.9	3	0.75	0.25	0
../data/I12.txt	86093	638.846	86100.5	2	0.9	3	0.75	0.25	0
../data/I12.txt	86089	449.078	86100.5	2	0.7	5	0.75	0.25	0
../data/I12.txt	86080	454.683	86100.5	2	0.8	5	0.75	0.25	1
../data/I12.txt	86093	638.995	86100.5	2	0.9	3	0.75	0.25	0
../data/I12.txt	86093	638.734	86100.5	2	0.9	3	0.75	0.25	0
../data/I12.txt	86093	638.734	86100.5	2	0.9	3	0.75	0.25	0
../data/I12.txt	86093	638.632	86100.5	2	0.9	3	0.75	0.25	0
../data/I12.txt	86091	583.547	86100.5	1	0.7	3	0.75	0.25	0
../data/I12.txt	86078	9.12326	86100.5	0	0.9	3	0.75	0.25	1
../data/I12.txt	86091	583.649	86100.5	1	0.7	3	0.75	0.25	0
../data/I12.txt	86093	638.781	86100.5	2	0.9	3	0.75	0.25	0
../data/I12.txt	86093	639.013	86100.5	2	0.9	3	0.75	0.25	0
../data/I12.txt	86093	638.921	86100.5	2	0.9	3	0.75	0.25	0
../data/I12.txt	86093	638.977	86100.5	2	0.9	3	0.75	0.25	0
../data/I12.txt	86093	638.865	86100.5	2	0.9	3	0.75	0.25	0
../data/I12.txt	86093	638.695	86100.5	2	0.9	3	0.75	0.25	0
../data/I12.txt	86089	211.979	86100.5	1	0.8	3	0.75	0.25	0
../data/I12.txt	86093	638.649	86100.5	2	0.9	3	0.75	0.25	0
../data/I12.txt	86089	211.946	86100.5	1	0.8	3	0.75	0.25	0
../data/I12.txt	86093	638.767	86100.5	2	0.9	3	0.75	0.25	0
../data/I12.txt	86089	211.985	86100.5	1	0.8	3	0.75	0.25	0
../data/I12.txt	86084	89.4002	86100.5	0	0.9	5	0.75	0	1
../data/I12.txt	86084	263.512	86100.5	1	0.8	3	0.75	0	1
